--- 
max: 222.05727051426038
mid: 148.78525049928
min: 66.88718697939989
good_skew: 7.394652406417112
